0 0.000000
1 4.000000
2 1.000000
3 2.000000
4 2.000000
5 4.000000
6 14.000000
7 2.000000
8 1.000000
9 2.000000
10 4.000000
11 15.000000
12 4.000000
13 3.000000
14 4.000000
15 17.000000
16 3.000000
17 10.000000
18 9.000000
19 9.000000
20 4.000000
21 4.000000
22 4.000000
23 7.000000
24 5.000000
25 4.000000
26 4.000000
27 10.000000
28 5.000000
29 2.000000
30 4.000000
31 5.000000
32 6.000000
33 13.000000
34 9.000000
35 1.000000
36 1.000000
37 5.000000
38 2.000000
39 2.000000
40 1.000000
41 5.000000
42 8.000000
43 16.000000
44 5.000000
45 9.000000
46 10.000000
47 18.000000
48 4.000000
49 1.000000
50 8.000000
51 7.000000
52 20.000000
53 1.000000
54 4.000000
55 5.000000
56 4.000000
57 5.000000
58 4.000000
59 4.000000
60 8.000000
61 2.000000
62 5.000000
63 7.000000
64 4.000000
65 6.000000
66 6.000000
67 3.000000
68 1.000000
69 1.000000
70 4.000000
71 1.000000
72 6.000000
73 3.000000
74 8.000000
75 7.000000
76 14.000000
77 2.000000
78 2.000000
79 5.000000
80 5.000000
81 9.000000
82 3.000000
83 2.000000
84 1.000000
85 7.000000
86 6.000000
87 3.000000
88 4.000000
89 3.000000
90 14.000000
91 3.000000
92 2.000000
93 11.000000
94 4.000000
95 7.000000
96 6.000000
97 2.000000
98 2.000000
99 5.000000
100 4.000000
101 4.000000
102 4.000000
103 7.000000
104 5.000000
105 2.000000
106 4.000000
107 1.000000
108 2.000000
109 6.000000
110 3.000000
111 4.000000
112 19.000000
113 4.000000
114 6.000000
115 1.000000
116 4.000000
117 3.000000
118 5.000000
119 3.000000
120 6.000000
121 6.000000
122 3.000000
123 2.000000
124 3.000000
125 9.000000
126 6.000000
127 7.000000
128 1.000000
129 5.000000
130 3.000000
131 9.000000
132 5.000000
133 5.000000
134 6.000000
135 4.000000
136 5.000000
137 4.000000
138 11.000000
139 1.000000
140 4.000000
141 2.000000
142 5.000000
143 4.000000
144 5.000000
145 10.000000
146 4.000000
147 11.000000
148 4.000000
149 5.000000
150 1.000000
151 1.000000
152 6.000000
153 5.000000
154 2.000000
155 5.000000
156 6.000000
157 1.000000
158 5.000000
159 3.000000
160 9.000000
161 4.000000
162 9.000000
163 5.000000
164 8.000000
165 5.000000
166 10.000000
167 4.000000
168 5.000000
169 3.000000
170 4.000000
171 4.000000
172 3.000000
173 1.000000
174 12.000000
175 7.000000
176 4.000000
177 6.000000
178 2.000000
179 6.000000
180 2.000000
181 5.000000
182 6.000000
183 2.000000
184 3.000000
185 4.000000
186 5.000000
187 4.000000
188 4.000000
189 4.000000
190 20.000000
191 7.000000
192 9.000000
193 7.000000
194 4.000000
195 4.000000
196 3.000000
197 4.000000
198 8.000000
199 1.000000
200 3.000000
201 2.000000
202 3.000000
203 3.000000
204 3.000000
205 8.000000
206 1.000000
207 7.000000
208 9.000000
209 14.000000
210 4.000000
211 7.000000
212 3.000000
213 4.000000
214 5.000000
215 9.000000
216 8.000000
217 8.000000
218 3.000000
219 7.000000
220 8.000000
221 4.000000
222 7.000000
223 5.000000
224 3.000000
225 4.000000
226 6.000000
227 3.000000
228 19.000000
229 14.000000
230 1.000000
231 3.000000
232 5.000000
233 13.000000
234 17.000000
235 9.000000
236 3.000000
237 4.000000
238 5.000000
239 5.000000
240 3.000000
241 7.000000
242 5.000000
243 2.000000
244 12.000000
245 2.000000
246 3.000000
247 4.000000
248 5.000000
249 1.000000
250 6.000000
251 8.000000
252 5.000000
253 8.000000
254 3.000000
255 5.000000
256 6.000000
257 4.000000
258 5.000000
259 6.000000
260 4.000000
261 5.000000
262 2.000000
263 4.000000
264 9.000000
265 6.000000
266 4.000000
267 15.000000
268 7.000000
269 3.000000
270 6.000000
271 4.000000
272 5.000000
273 3.000000
274 2.000000
275 4.000000
276 5.000000
277 6.000000
278 8.000000
279 10.000000
280 3.000000
281 5.000000
282 13.000000
283 6.000000
284 2.000000
285 4.000000
286 13.000000
287 14.000000
288 2.000000
289 6.000000
290 1.000000
291 4.000000
292 15.000000
293 3.000000
294 3.000000
295 7.000000
296 1.000000
297 5.000000
298 3.000000
299 2.000000
300 4.000000
301 10.000000
302 1.000000
303 4.000000
304 3.000000
305 4.000000
306 8.000000
307 10.000000
308 1.000000
309 12.000000
310 6.000000
311 11.000000
312 3.000000
313 3.000000
314 4.000000
315 4.000000
316 12.000000
317 5.000000
318 5.000000
319 11.000000
320 5.000000
321 14.000000
322 3.000000
323 2.000000
324 6.000000
325 4.000000
326 3.000000
327 8.000000
328 6.000000
329 1.000000
330 6.000000
331 6.000000
332 2.000000
333 6.000000
334 6.000000
335 14.000000
336 3.000000
337 8.000000
338 3.000000
339 3.000000
340 5.000000
341 5.000000
342 4.000000
343 5.000000
344 8.000000
345 9.000000
346 2.000000
347 4.000000
348 2.000000
349 4.000000
350 4.000000
351 11.000000
352 4.000000
353 4.000000
354 3.000000
355 5.000000
356 12.000000
357 8.000000
358 22.000000
359 5.000000
360 5.000000
361 7.000000
362 5.000000
363 3.000000
364 4.000000
365 8.000000
366 4.000000
367 4.000000
368 6.000000
369 5.000000
370 4.000000
371 7.000000
372 6.000000
373 4.000000
374 4.000000
375 7.000000
376 4.000000
377 18.000000
378 3.000000
379 12.000000
380 5.000000
381 6.000000
382 5.000000
383 7.000000
384 8.000000
385 6.000000
386 17.000000
387 6.000000
388 6.000000
389 2.000000
390 5.000000
391 4.000000
392 7.000000
393 5.000000
394 7.000000
395 5.000000
396 5.000000
397 4.000000
398 5.000000
399 3.000000
400 5.000000
401 11.000000
402 4.000000
403 4.000000
404 6.000000
405 7.000000
406 8.000000
407 8.000000
408 4.000000
409 5.000000
410 5.000000
411 10.000000
412 4.000000
413 7.000000
414 4.000000
415 7.000000
416 7.000000
417 6.000000
418 6.000000
419 3.000000
420 3.000000
421 5.000000
422 3.000000
423 4.000000
424 5.000000
425 6.000000
426 7.000000
427 7.000000
428 5.000000
429 8.000000
430 6.000000
431 4.000000
432 5.000000
433 7.000000
434 5.000000
435 8.000000
436 5.000000
437 9.000000
438 5.000000
439 6.000000
440 7.000000
441 7.000000
442 7.000000
443 4.000000
444 6.000000
445 6.000000
446 3.000000
447 19.000000
448 8.000000
449 8.000000
450 6.000000
451 4.000000
452 5.000000
453 7.000000
454 7.000000
455 5.000000
456 5.000000
457 4.000000
458 6.000000
459 5.000000
460 4.000000
461 4.000000
462 6.000000
463 4.000000
464 12.000000
465 5.000000
466 6.000000
467 11.000000
468 7.000000
469 6.000000
470 6.000000
471 5.000000
472 3.000000
473 6.000000
474 6.000000
475 4.000000
476 8.000000
477 7.000000
478 14.000000
479 7.000000
480 6.000000
481 5.000000
482 5.000000
483 4.000000
484 4.000000
485 3.000000
486 4.000000
487 5.000000
488 6.000000
489 7.000000
490 7.000000
491 4.000000
492 5.000000
493 4.000000
494 3.000000
495 6.000000
496 6.000000
497 5.000000
498 7.000000
499 14.000000
500 4.000000
501 8.000000
502 6.000000
503 5.000000
504 5.000000
505 6.000000
506 5.000000
507 5.000000
508 5.000000
509 5.000000
510 4.000000
511 6.000000
512 6.000000
513 5.000000
514 5.000000
515 5.000000
516 4.000000
517 3.000000
518 9.000000
519 7.000000
520 4.000000
521 5.000000
522 7.000000
523 6.000000
524 6.000000
525 5.000000
526 5.000000
527 4.000000
528 7.000000
529 7.000000
530 11.000000
531 7.000000
532 11.000000
533 4.000000
534 7.000000
535 7.000000
536 5.000000
537 5.000000
538 5.000000
539 5.000000
540 6.000000
541 3.000000
542 5.000000
543 3.000000
544 4.000000
545 6.000000
546 5.000000
547 6.000000
548 5.000000
549 9.000000
550 11.000000
551 7.000000
552 5.000000
553 4.000000
554 8.000000
555 3.000000
556 6.000000
557 7.000000
558 6.000000
559 4.000000
560 6.000000
561 4.000000
562 8.000000
563 4.000000
564 4.000000
565 5.000000
566 5.000000
567 5.000000
568 6.000000
569 7.000000
570 6.000000
571 6.000000
572 15.000000
573 8.000000
574 8.000000
575 10.000000
576 8.000000
577 7.000000
578 8.000000
579 8.000000
580 4.000000
581 14.000000
582 7.000000
583 7.000000
584 7.000000
585 14.000000
586 8.000000
587 5.000000
588 6.000000
589 7.000000
590 11.000000
591 3.000000
592 5.000000
593 9.000000
594 5.000000
595 7.000000
596 7.000000
597 8.000000
598 7.000000
599 6.000000
600 6.000000
601 2.000000
602 8.000000
603 6.000000
604 5.000000
605 10.000000
606 4.000000
607 24.000000
608 24.000000
609 5.000000
610 15.000000
611 8.000000
612 8.000000
613 13.000000
614 5.000000
615 8.000000
616 7.000000
617 5.000000
618 7.000000
619 8.000000
620 6.000000
621 6.000000
622 7.000000
623 8.000000
624 5.000000
625 8.000000
626 6.000000
627 9.000000
628 6.000000
629 4.000000
630 6.000000
631 4.000000
632 6.000000
633 7.000000
634 5.000000
635 7.000000
636 8.000000
637 3.000000
638 14.000000
639 8.000000
640 7.000000
641 4.000000
642 5.000000
643 6.000000
644 6.000000
645 6.000000
646 8.000000
647 7.000000
648 10.000000
649 2.000000
650 5.000000
651 2.000000
652 13.000000
653 5.000000
654 8.000000
655 9.000000
656 8.000000
657 7.000000
658 8.000000
659 6.000000
660 19.000000
661 7.000000
662 7.000000
663 9.000000
664 8.000000
665 5.000000
666 7.000000
667 9.000000
668 22.000000
669 5.000000
670 8.000000
671 7.000000
672 8.000000
673 10.000000
674 22.000000
675 7.000000
676 6.000000
677 6.000000
678 6.000000
679 7.000000
680 8.000000
681 8.000000
682 10.000000
683 6.000000
684 10.000000
685 6.000000
686 18.000000
687 20.000000
688 19.000000
689 25.000000
690 22.000000
691 30.000000
692 38.000000
693 19.000000
694 20.000000
695 21.000000
696 20.000000
697 19.000000
698 15.000000
699 19.000000
700 20.000000
701 17.000000
702 19.000000
703 18.000000
704 27.000000
705 20.000000
706 18.000000
707 24.000000
708 19.000000
709 19.000000
710 21.000000
711 20.000000
712 25.000000
713 20.000000
714 20.000000
715 21.000000
716 19.000000
717 28.000000
718 18.000000
719 20.000000
720 20.000000
721 30.000000
722 21.000000
723 19.000000
724 20.000000
725 27.000000
726 18.000000
727 20.000000
728 20.000000
729 19.000000
730 23.000000
731 19.000000
732 22.000000
733 23.000000
734 22.000000
735 21.000000
736 22.000000
737 21.000000
738 19.000000
739 18.000000
740 24.000000
741 19.000000
742 26.000000
743 32.000000
744 25.000000
745 17.000000
746 23.000000
747 17.000000
748 19.000000
749 25.000000
750 22.000000
751 19.000000
752 20.000000
753 17.000000
754 19.000000
755 22.000000
756 20.000000
757 23.000000
758 20.000000
759 22.000000
760 19.000000
761 19.000000
762 19.000000
763 18.000000
764 18.000000
765 21.000000
766 19.000000
767 21.000000
768 25.000000
769 20.000000
770 21.000000
771 24.000000
772 18.000000
773 17.000000
774 17.000000
775 22.000000
776 25.000000
777 22.000000
778 24.000000
779 20.000000
780 19.000000
781 19.000000
782 24.000000
783 22.000000
784 18.000000
785 24.000000
786 24.000000
787 20.000000
788 26.000000
789 22.000000
790 19.000000
791 27.000000
792 17.000000
793 20.000000
794 20.000000
795 18.000000
796 23.000000
797 21.000000
798 21.000000
799 23.000000
800 20.000000
801 28.000000
802 22.000000
803 19.000000
804 19.000000
805 18.000000
806 24.000000
807 19.000000
808 22.000000
809 20.000000
810 16.000000
811 22.000000
812 20.000000
813 20.000000
814 21.000000
815 19.000000
816 27.000000
817 19.000000
818 21.000000
819 17.000000
820 19.000000
821 24.000000
822 21.000000
823 16.000000
824 18.000000
825 26.000000
826 19.000000
827 18.000000
828 19.000000
829 20.000000
830 16.000000
831 22.000000
832 25.000000
833 23.000000
834 19.000000
835 20.000000
836 26.000000
837 20.000000
838 19.000000
839 22.000000
840 19.000000
841 24.000000
842 19.000000
843 21.000000
844 22.000000
845 19.000000
846 27.000000
847 18.000000
848 21.000000
849 21.000000
850 23.000000
851 34.000000
852 22.000000
853 20.000000
854 20.000000
855 25.000000
856 19.000000
857 15.000000
858 24.000000
859 18.000000
860 22.000000
861 18.000000
862 11.000000
863 21.000000
864 23.000000
865 20.000000
866 22.000000
867 23.000000
868 22.000000
869 21.000000
870 19.000000
871 20.000000
872 23.000000
873 21.000000
874 28.000000
875 29.000000
876 18.000000
877 24.000000
878 23.000000
879 18.000000
880 18.000000
881 20.000000
882 18.000000
883 30.000000
884 16.000000
885 25.000000
886 20.000000
887 26.000000
888 19.000000
889 18.000000
890 25.000000
891 33.000000
892 27.000000
893 17.000000
894 17.000000
895 22.000000
896 5.000000
897 5.000000
898 4.000000
899 3.000000
900 7.000000
901 6.000000
902 5.000000
903 6.000000
904 5.000000
905 6.000000
906 5.000000
907 5.000000
908 4.000000
909 4.000000
910 8.000000
911 12.000000
912 5.000000
913 4.000000
914 7.000000
915 7.000000
916 2.000000
917 2.000000
918 10.000000
919 4.000000
920 2.000000
921 4.000000
922 4.000000
923 7.000000
924 6.000000
925 4.000000
926 4.000000
927 3.000000
928 12.000000
929 17.000000
930 3.000000
931 7.000000
932 5.000000
933 5.000000
934 3.000000
935 7.000000
936 5.000000
937 9.000000
938 4.000000
939 6.000000
940 7.000000
941 5.000000
942 2.000000
943 7.000000
944 4.000000
945 8.000000
946 5.000000
947 4.000000
948 3.000000
949 7.000000
950 5.000000
951 7.000000
952 4.000000
953 2.000000
954 5.000000
955 6.000000
956 4.000000
957 3.000000
958 4.000000
959 5.000000
960 3.000000
961 4.000000
962 5.000000
963 6.000000
964 4.000000
965 8.000000
966 4.000000
967 3.000000
968 5.000000
969 5.000000
970 7.000000
971 4.000000
972 7.000000
973 6.000000
974 3.000000
975 4.000000
976 4.000000
977 2.000000
978 3.000000
979 2.000000
980 3.000000
981 5.000000
982 3.000000
983 4.000000
984 5.000000
985 7.000000
986 3.000000
987 10.000000
988 6.000000
989 4.000000
990 4.000000
991 7.000000
992 4.000000
993 3.000000
994 6.000000
995 5.000000
996 11.000000
997 3.000000
998 10.000000
999 4.000000
1000 7.000000
1001 5.000000
1002 2.000000
1003 3.000000
1004 4.000000
1005 3.000000
1006 4.000000
1007 6.000000
1008 8.000000
1009 4.000000
1010 5.000000
1011 4.000000
1012 3.000000
1013 6.000000
1014 4.000000
1015 2.000000
1016 5.000000
1017 4.000000
1018 4.000000
1019 6.000000
1020 4.000000
1021 4.000000
1022 11.000000
1023 6.000000
1024 4.000000
1025 5.000000
1026 4.000000
1027 5.000000
1028 4.000000
1029 5.000000
1030 12.000000
1031 7.000000
1032 4.000000
1033 4.000000
1034 7.000000
1035 5.000000
1036 5.000000
1037 5.000000
1038 8.000000
1039 3.000000
1040 3.000000
1041 5.000000
1042 6.000000
1043 11.000000
1044 5.000000
1045 7.000000
1046 4.000000
1047 5.000000
1048 4.000000
1049 4.000000
1050 9.000000
1051 2.000000
1052 5.000000
1053 5.000000
1054 4.000000
1055 5.000000
1056 5.000000
1057 6.000000
1058 6.000000
1059 3.000000
1060 4.000000
1061 12.000000
1062 5.000000
1063 8.000000
1064 7.000000
1065 19.000000
1066 5.000000
1067 6.000000
1068 3.000000
1069 5.000000
1070 5.000000
1071 10.000000
1072 7.000000
1073 5.000000
1074 5.000000
1075 4.000000
1076 3.000000
1077 4.000000
1078 4.000000
1079 3.000000
1080 4.000000
1081 3.000000
1082 4.000000
1083 4.000000
1084 6.000000
1085 6.000000
1086 4.000000
1087 10.000000
1088 5.000000
1089 2.000000
1090 7.000000
1091 3.000000
1092 4.000000
1093 10.000000
1094 9.000000
1095 5.000000
1096 4.000000
1097 4.000000
1098 2.000000
1099 5.000000
1100 3.000000
1101 5.000000
1102 5.000000
1103 5.000000
1104 4.000000
1105 6.000000
1106 8.000000
1107 4.000000
1108 5.000000
1109 5.000000
1110 5.000000
1111 7.000000
1112 5.000000
1113 2.000000
1114 3.000000
1115 6.000000
1116 5.000000
1117 3.000000
1118 3.000000
1119 2.000000
1120 5.000000
1121 5.000000
1122 5.000000
1123 5.000000
1124 4.000000
1125 3.000000
1126 3.000000
1127 10.000000
1128 4.000000
1129 4.000000
1130 3.000000
1131 5.000000
1132 4.000000
1133 4.000000
1134 9.000000
1135 3.000000
1136 6.000000
1137 4.000000
1138 8.000000
1139 5.000000
1140 8.000000
1141 6.000000
1142 5.000000
1143 5.000000
1144 7.000000
1145 2.000000
1146 2.000000
1147 6.000000
1148 5.000000
1149 3.000000
1150 6.000000
1151 5.000000
1152 6.000000
1153 3.000000
1154 9.000000
1155 6.000000
1156 3.000000
1157 10.000000
1158 5.000000
1159 4.000000
1160 3.000000
1161 5.000000
1162 10.000000
1163 4.000000
1164 4.000000
1165 7.000000
1166 4.000000
1167 9.000000
1168 11.000000
1169 3.000000
1170 4.000000
1171 2.000000
1172 4.000000
1173 4.000000
1174 6.000000
1175 4.000000
1176 3.000000
1177 3.000000
1178 6.000000
1179 5.000000
1180 4.000000
1181 3.000000
1182 4.000000
1183 4.000000
1184 4.000000
1185 4.000000
1186 5.000000
1187 4.000000
1188 5.000000
1189 3.000000
1190 4.000000
1191 3.000000
1192 5.000000
1193 9.000000
1194 6.000000
1195 5.000000
1196 5.000000
1197 5.000000
1198 4.000000
1199 4.000000
1200 4.000000
1201 4.000000
1202 5.000000
1203 7.000000
1204 5.000000
1205 4.000000
1206 15.000000
1207 6.000000
1208 7.000000
1209 5.000000
1210 5.000000
1211 4.000000
1212 5.000000
1213 4.000000
1214 3.000000
1215 4.000000
1216 3.000000
1217 4.000000
1218 8.000000
1219 4.000000
1220 7.000000
1221 5.000000
1222 5.000000
1223 8.000000
1224 15.000000
1225 5.000000
1226 6.000000
1227 5.000000
1228 6.000000
1229 5.000000
1230 4.000000
1231 4.000000
1232 7.000000
1233 4.000000
1234 6.000000
1235 4.000000
1236 3.000000
1237 3.000000
1238 4.000000
1239 5.000000
1240 7.000000
1241 3.000000
1242 4.000000
1243 3.000000
1244 6.000000
1245 5.000000
1246 5.000000
1247 5.000000
1248 8.000000
1249 5.000000
1250 4.000000
1251 9.000000
1252 5.000000
1253 8.000000
1254 9.000000
1255 4.000000
1256 4.000000
1257 5.000000
1258 4.000000
1259 4.000000
1260 4.000000
1261 4.000000
1262 6.000000
1263 7.000000
1264 8.000000
1265 3.000000
1266 7.000000
1267 4.000000
1268 5.000000
1269 4.000000
1270 11.000000
1271 4.000000
1272 3.000000
1273 5.000000
1274 5.000000
1275 4.000000
1276 17.000000
1277 5.000000
1278 5.000000
1279 5.000000
1280 3.000000
1281 4.000000
1282 5.000000
1283 6.000000
1284 7.000000
1285 3.000000
1286 5.000000
1287 4.000000
1288 4.000000
1289 4.000000
1290 5.000000
1291 4.000000
1292 4.000000
1293 3.000000
1294 6.000000
1295 8.000000
1296 5.000000
1297 12.000000
1298 6.000000
1299 5.000000
1300 5.000000
1301 11.000000
1302 3.000000
1303 3.000000
1304 6.000000
1305 4.000000
1306 3.000000
1307 6.000000
1308 5.000000
1309 6.000000
1310 5.000000
1311 7.000000
1312 3.000000
1313 5.000000
1314 3.000000
1315 4.000000
1316 3.000000
1317 7.000000
1318 5.000000
1319 6.000000
1320 2.000000
1321 7.000000
1322 4.000000
1323 5.000000
1324 5.000000
1325 5.000000
1326 2.000000
1327 3.000000
1328 4.000000
1329 2.000000
1330 4.000000
1331 4.000000
1332 4.000000
1333 4.000000
1334 3.000000
1335 3.000000
1336 4.000000
1337 5.000000
1338 3.000000
1339 4.000000
1340 4.000000
1341 4.000000
1342 10.000000
1343 4.000000
1344 4.000000
1345 4.000000
1346 6.000000
1347 5.000000
1348 6.000000
1349 3.000000
1350 7.000000
1351 5.000000
1352 3.000000
1353 5.000000
1354 10.000000
1355 5.000000
1356 8.000000
1357 3.000000
1358 5.000000
1359 4.000000
1360 7.000000
1361 4.000000
1362 8.000000
1363 5.000000
1364 3.000000
1365 4.000000
1366 5.000000
1367 4.000000
1368 7.000000
1369 6.000000
1370 4.000000
1371 5.000000
1372 7.000000
1373 3.000000
1374 5.000000
1375 4.000000
1376 4.000000
1377 2.000000
1378 7.000000
1379 5.000000
1380 4.000000
1381 4.000000
1382 3.000000
1383 6.000000
1384 6.000000
1385 5.000000
1386 19.000000
1387 4.000000
1388 4.000000
1389 5.000000
1390 4.000000
1391 3.000000
1392 5.000000
1393 4.000000
1394 11.000000
1395 10.000000
1396 6.000000
1397 5.000000
1398 5.000000
1399 3.000000
1400 6.000000
1401 7.000000
1402 4.000000
1403 9.000000
1404 4.000000
1405 4.000000
1406 3.000000
1407 5.000000
1408 7.000000
1409 5.000000
1410 6.000000
1411 5.000000
1412 6.000000
1413 6.000000
1414 8.000000
1415 5.000000
1416 4.000000
1417 6.000000
1418 8.000000
1419 6.000000
1420 3.000000
1421 5.000000
1422 4.000000
1423 4.000000
1424 5.000000
1425 5.000000
1426 4.000000
1427 5.000000
1428 5.000000
1429 6.000000
1430 5.000000
1431 3.000000
1432 7.000000
1433 3.000000
1434 5.000000
1435 2.000000
1436 4.000000
1437 5.000000
1438 6.000000
1439 5.000000
1440 5.000000
1441 7.000000
1442 4.000000
1443 2.000000
1444 5.000000
1445 7.000000
1446 3.000000
1447 4.000000
1448 4.000000
1449 4.000000
1450 8.000000
1451 3.000000
1452 5.000000
1453 3.000000
1454 4.000000
1455 6.000000
1456 4.000000
1457 4.000000
1458 5.000000
1459 5.000000
1460 6.000000
1461 10.000000
1462 3.000000
1463 2.000000
1464 2.000000
1465 5.000000
1466 2.000000
1467 4.000000
1468 6.000000
1469 4.000000
1470 5.000000
1471 3.000000
1472 4.000000
1473 3.000000
1474 14.000000
1475 5.000000
1476 7.000000
1477 3.000000
1478 7.000000
1479 5.000000
1480 4.000000
1481 3.000000
1482 3.000000
1483 4.000000
1484 4.000000
1485 5.000000
1486 5.000000
1487 4.000000
1488 4.000000
1489 5.000000
1490 7.000000
1491 4.000000
1492 11.000000
1493 7.000000
1494 8.000000
1495 5.000000
1496 4.000000
1497 5.000000
1498 8.000000
1499 6.000000
1500 6.000000
1501 7.000000
1502 4.000000
1503 6.000000
1504 4.000000
1505 7.000000
1506 7.000000
1507 4.000000
1508 5.000000
1509 4.000000
1510 11.000000
1511 6.000000
1512 3.000000
1513 5.000000
1514 5.000000
1515 4.000000
1516 2.000000
1517 4.000000
1518 3.000000
1519 5.000000
1520 2.000000
1521 6.000000
1522 3.000000
1523 4.000000
1524 4.000000
1525 3.000000
1526 5.000000
1527 5.000000
1528 4.000000
1529 4.000000
1530 4.000000
1531 7.000000
1532 5.000000
1533 5.000000
1534 6.000000
1535 5.000000
1536 5.000000
1537 4.000000
1538 5.000000
1539 4.000000
1540 2.000000
1541 5.000000
1542 5.000000
1543 5.000000
1544 9.000000
1545 2.000000
1546 17.000000
1547 3.000000
1548 6.000000
1549 5.000000
1550 4.000000
1551 4.000000
1552 2.000000
1553 6.000000
1554 4.000000
1555 5.000000
1556 5.000000
1557 3.000000
1558 5.000000
1559 3.000000
1560 11.000000
1561 6.000000
1562 8.000000
1563 2.000000
1564 5.000000
1565 4.000000
1566 7.000000
1567 6.000000
1568 6.000000
1569 5.000000
1570 4.000000
1571 5.000000
1572 5.000000
1573 5.000000
1574 4.000000
1575 6.000000
1576 5.000000
1577 3.000000
1578 5.000000
1579 6.000000
1580 4.000000
1581 2.000000
1582 4.000000
1583 4.000000
1584 3.000000
1585 4.000000
1586 5.000000
1587 5.000000
1588 8.000000
1589 4.000000
1590 3.000000
1591 5.000000
1592 3.000000
1593 5.000000
1594 5.000000
1595 4.000000
1596 6.000000
1597 4.000000
1598 3.000000
1599 7.000000
1600 2.000000
1601 6.000000
1602 7.000000
1603 3.000000
1604 4.000000
1605 3.000000
1606 4.000000
1607 7.000000
1608 3.000000
1609 4.000000
1610 3.000000
1611 5.000000
1612 3.000000
1613 4.000000
1614 4.000000
1615 4.000000
1616 4.000000
1617 4.000000
1618 5.000000
1619 4.000000
1620 4.000000
1621 4.000000
1622 3.000000
1623 4.000000
1624 4.000000
1625 4.000000
1626 4.000000
1627 2.000000
1628 6.000000
1629 6.000000
1630 5.000000
1631 5.000000
1632 4.000000
1633 4.000000
1634 5.000000
1635 5.000000
1636 3.000000
1637 4.000000
1638 7.000000
1639 3.000000
1640 8.000000
1641 9.000000
1642 6.000000
1643 4.000000
1644 4.000000
1645 4.000000
1646 5.000000
1647 6.000000
1648 4.000000
1649 6.000000
1650 4.000000
1651 13.000000
1652 4.000000
1653 4.000000
1654 6.000000
1655 5.000000
1656 6.000000
1657 6.000000
1658 5.000000
1659 4.000000
1660 4.000000
1661 5.000000
1662 4.000000
1663 3.000000
1664 6.000000
1665 4.000000
1666 5.000000
1667 5.000000
1668 5.000000
1669 4.000000
1670 5.000000
1671 4.000000
1672 3.000000
1673 4.000000
1674 4.000000
1675 4.000000
1676 8.000000
1677 2.000000
1678 5.000000
1679 5.000000
1680 4.000000
1681 3.000000
1682 6.000000
1683 4.000000
1684 7.000000
1685 4.000000
1686 6.000000
1687 4.000000
1688 4.000000
1689 4.000000
1690 10.000000
1691 5.000000
1692 5.000000
1693 6.000000
1694 4.000000
1695 4.000000
1696 7.000000
1697 7.000000
1698 3.000000
1699 4.000000
1700 4.000000
1701 9.000000
1702 2.000000
1703 4.000000
1704 5.000000
1705 7.000000
1706 6.000000
1707 4.000000
1708 10.000000
1709 3.000000
1710 6.000000
1711 7.000000
1712 4.000000
1713 10.000000
1714 3.000000
1715 6.000000
1716 5.000000
1717 3.000000
1718 4.000000
1719 7.000000
1720 6.000000
1721 4.000000
1722 4.000000
1723 5.000000
1724 5.000000
1725 5.000000
1726 8.000000
1727 5.000000
1728 6.000000
1729 4.000000
1730 4.000000
1731 5.000000
1732 3.000000
1733 5.000000
1734 4.000000
1735 5.000000
1736 4.000000
1737 3.000000
1738 6.000000
1739 6.000000
1740 4.000000
1741 4.000000
1742 3.000000
1743 6.000000
1744 3.000000
1745 5.000000
1746 2.000000
1747 4.000000
1748 8.000000
1749 5.000000
1750 3.000000
1751 5.000000
1752 5.000000
1753 3.000000
1754 4.000000
1755 9.000000
1756 2.000000
1757 4.000000
1758 8.000000
1759 8.000000
1760 3.000000
1761 3.000000
1762 3.000000
1763 4.000000
1764 5.000000
1765 3.000000
1766 5.000000
1767 4.000000
1768 3.000000
1769 5.000000
1770 4.000000
1771 6.000000
1772 5.000000
1773 7.000000
1774 4.000000
1775 5.000000
1776 4.000000
1777 6.000000
1778 7.000000
1779 10.000000
1780 5.000000
1781 5.000000
1782 4.000000
1783 4.000000
1784 6.000000
1785 6.000000
1786 5.000000
1787 3.000000
1788 9.000000
1789 4.000000
1790 5.000000
1791 4.000000
1792 8.000000
1793 4.000000
1794 5.000000
1795 4.000000
1796 4.000000
1797 6.000000
1798 2.000000
1799 4.000000
1800 4.000000
1801 5.000000
1802 6.000000
1803 3.000000
1804 4.000000
1805 3.000000
1806 5.000000
1807 4.000000
1808 5.000000
1809 4.000000
1810 5.000000
1811 4.000000
1812 6.000000
1813 3.000000
1814 5.000000
1815 8.000000
1816 3.000000
1817 5.000000
1818 3.000000
1819 4.000000
1820 5.000000
1821 4.000000
1822 9.000000
1823 4.000000
1824 5.000000
1825 5.000000
1826 4.000000
1827 3.000000
1828 4.000000
1829 6.000000
1830 5.000000
1831 6.000000
1832 5.000000
1833 4.000000
1834 5.000000
1835 3.000000
1836 5.000000
1837 7.000000
1838 11.000000
1839 3.000000
1840 9.000000
1841 5.000000
1842 3.000000
1843 4.000000
1844 4.000000
1845 5.000000
1846 4.000000
1847 5.000000
1848 4.000000
1849 4.000000
1850 5.000000
1851 5.000000
1852 5.000000
1853 5.000000
1854 13.000000
1855 3.000000
1856 6.000000
1857 6.000000
1858 3.000000
1859 5.000000
1860 3.000000
1861 4.000000
1862 5.000000
1863 3.000000
1864 4.000000
1865 8.000000
1866 4.000000
1867 4.000000
1868 4.000000
1869 5.000000
1870 3.000000
1871 2.000000
1872 5.000000
1873 5.000000
1874 4.000000
1875 5.000000
1876 5.000000
1877 3.000000
1878 7.000000
1879 5.000000
1880 4.000000
1881 5.000000
1882 4.000000
1883 2.000000
1884 6.000000
1885 6.000000
1886 3.000000
1887 7.000000
1888 4.000000
1889 4.000000
1890 2.000000
1891 4.000000
1892 11.000000
1893 4.000000
1894 5.000000
1895 6.000000
1896 9.000000
1897 4.000000
1898 2.000000
1899 5.000000
1900 6.000000
1901 4.000000
1902 4.000000
1903 4.000000
1904 3.000000
1905 5.000000
1906 4.000000
1907 5.000000
1908 11.000000
1909 5.000000
1910 6.000000
1911 4.000000
1912 5.000000
1913 8.000000
1914 7.000000
1915 8.000000
1916 5.000000
1917 8.000000
1918 7.000000
1919 7.000000
1920 5.000000
1921 8.000000
1922 9.000000
1923 6.000000
1924 14.000000
1925 8.000000
1926 5.000000
1927 7.000000
1928 8.000000
1929 7.000000
1930 7.000000
1931 9.000000
1932 7.000000
1933 7.000000
1934 13.000000
1935 7.000000
1936 8.000000
1937 6.000000
1938 8.000000
1939 6.000000
1940 5.000000
1941 6.000000
1942 9.000000
1943 8.000000
1944 6.000000
1945 5.000000
1946 7.000000
1947 6.000000
1948 6.000000
1949 12.000000
1950 8.000000
1951 8.000000
1952 8.000000
1953 8.000000
1954 5.000000
1955 7.000000
1956 15.000000
1957 9.000000
1958 9.000000
1959 5.000000
1960 7.000000
1961 8.000000
1962 7.000000
1963 8.000000
1964 7.000000
1965 6.000000
1966 7.000000
1967 17.000000
1968 7.000000
1969 12.000000
1970 7.000000
1971 8.000000
1972 6.000000
1973 7.000000
1974 9.000000
1975 7.000000
1976 7.000000
1977 10.000000
1978 10.000000
1979 7.000000
1980 7.000000
1981 7.000000
1982 8.000000
1983 7.000000
1984 6.000000
1985 7.000000
1986 8.000000
1987 8.000000
1988 7.000000
1989 6.000000
1990 11.000000
1991 8.000000
1992 10.000000
1993 7.000000
1994 6.000000
1995 8.000000
1996 10.000000
1997 8.000000
1998 8.000000
1999 8.000000
2000 8.000000
2001 8.000000
2002 6.000000
2003 7.000000
2004 8.000000
2005 8.000000
2006 8.000000
2007 6.000000
2008 11.000000
2009 8.000000
2010 6.000000
2011 7.000000
2012 11.000000
2013 7.000000
2014 9.000000
2015 15.000000
2016 8.000000
2017 7.000000
2018 7.000000
2019 9.000000
2020 7.000000
2021 7.000000
2022 8.000000
2023 8.000000
2024 7.000000
2025 8.000000
2026 6.000000
2027 7.000000
2028 5.000000
2029 7.000000
2030 7.000000
2031 6.000000
2032 6.000000
2033 8.000000
2034 10.000000
2035 8.000000
2036 7.000000
2037 7.000000
2038 6.000000
2039 6.000000
2040 8.000000
2041 8.000000
2042 6.000000
2043 7.000000
2044 8.000000
2045 7.000000
2046 8.000000
2047 6.000000
2048 7.000000
2049 10.000000
2050 7.000000
2051 9.000000
2052 7.000000
2053 6.000000
2054 4.000000
2055 8.000000
2056 7.000000
2057 7.000000
2058 7.000000
2059 8.000000
2060 7.000000
2061 8.000000
2062 7.000000
2063 7.000000
2064 7.000000
2065 8.000000
2066 8.000000
2067 8.000000
2068 6.000000
2069 7.000000
2070 11.000000
2071 6.000000
2072 6.000000
2073 7.000000
2074 7.000000
2075 8.000000
2076 9.000000
2077 7.000000
2078 7.000000
2079 18.000000
2080 6.000000
2081 7.000000
2082 9.000000
2083 8.000000
2084 7.000000
2085 7.000000
2086 8.000000
2087 6.000000
2088 7.000000
2089 9.000000
2090 7.000000
2091 9.000000
2092 9.000000
2093 7.000000
2094 15.000000
2095 8.000000
2096 6.000000
2097 7.000000
2098 8.000000
2099 8.000000
2100 14.000000
2101 5.000000
2102 4.000000
2103 6.000000
2104 7.000000
2105 8.000000
2106 8.000000
2107 9.000000
2108 7.000000
2109 7.000000
2110 7.000000
2111 6.000000
2112 7.000000
2113 13.000000
2114 6.000000
2115 7.000000
2116 8.000000
2117 6.000000
2118 7.000000
2119 8.000000
2120 10.000000
2121 7.000000
2122 8.000000
2123 7.000000
2124 8.000000
2125 5.000000
2126 7.000000
2127 6.000000
2128 6.000000
2129 9.000000
2130 15.000000
2131 6.000000
2132 5.000000
2133 6.000000
2134 5.000000
2135 6.000000
2136 8.000000
2137 6.000000
2138 5.000000
2139 8.000000
2140 7.000000
2141 7.000000
2142 8.000000
2143 5.000000
2144 7.000000
2145 8.000000
2146 9.000000
2147 7.000000
2148 6.000000
2149 6.000000
2150 7.000000
2151 5.000000
2152 6.000000
2153 6.000000
2154 8.000000
2155 7.000000
2156 12.000000
2157 9.000000
2158 9.000000
2159 8.000000
2160 8.000000
2161 6.000000
2162 12.000000
2163 4.000000
2164 8.000000
2165 8.000000
2166 10.000000
2167 9.000000
2168 9.000000
2169 5.000000
2170 7.000000
2171 7.000000
2172 7.000000
2173 7.000000
2174 6.000000
2175 11.000000
2176 6.000000
2177 9.000000
2178 9.000000
2179 8.000000
2180 5.000000
2181 10.000000
2182 6.000000
2183 5.000000
2184 7.000000
2185 7.000000
2186 8.000000
2187 6.000000
2188 7.000000
2189 6.000000
2190 8.000000
2191 5.000000
2192 6.000000
2193 9.000000
2194 6.000000
2195 19.000000
2196 6.000000
2197 9.000000
2198 6.000000
2199 7.000000
2200 7.000000
2201 8.000000
2202 6.000000
2203 6.000000
2204 15.000000
2205 7.000000
2206 7.000000
2207 9.000000
2208 8.000000
2209 7.000000
2210 7.000000
2211 8.000000
2212 8.000000
2213 8.000000
2214 7.000000
2215 6.000000
2216 7.000000
2217 10.000000
2218 7.000000
2219 9.000000
2220 8.000000
2221 7.000000
2222 7.000000
2223 6.000000
2224 4.000000
2225 7.000000
2226 7.000000
2227 13.000000
2228 7.000000
2229 7.000000
2230 10.000000
2231 7.000000
2232 7.000000
2233 7.000000
2234 9.000000
2235 6.000000
2236 9.000000
2237 7.000000
2238 8.000000
2239 4.000000
2240 7.000000
2241 6.000000
2242 7.000000
2243 5.000000
2244 8.000000
2245 13.000000
2246 4.000000
2247 6.000000
2248 9.000000
2249 6.000000
2250 7.000000
2251 9.000000
2252 8.000000
2253 8.000000
2254 6.000000
2255 8.000000
2256 13.000000
2257 7.000000
2258 8.000000
2259 6.000000
2260 8.000000
2261 8.000000
2262 10.000000
2263 10.000000
2264 6.000000
2265 7.000000
2266 6.000000
2267 7.000000
2268 6.000000
2269 7.000000
2270 8.000000
2271 8.000000
2272 7.000000
2273 6.000000
2274 7.000000
2275 7.000000
2276 7.000000
2277 10.000000
2278 8.000000
2279 7.000000
2280 6.000000
2281 12.000000
2282 5.000000
2283 6.000000
2284 7.000000
2285 5.000000
2286 9.000000
2287 8.000000
2288 6.000000
2289 5.000000
2290 7.000000
2291 7.000000
2292 6.000000
2293 6.000000
2294 6.000000
2295 7.000000
2296 7.000000
2297 7.000000
2298 4.000000
2299 6.000000
2300 7.000000
2301 14.000000
2302 6.000000
2303 8.000000
2304 6.000000
2305 7.000000
2306 7.000000
2307 7.000000
2308 7.000000
2309 7.000000
2310 6.000000
2311 7.000000
2312 6.000000
2313 8.000000
2314 12.000000
2315 6.000000
2316 12.000000
2317 7.000000
2318 7.000000
2319 4.000000
2320 9.000000
2321 10.000000
2322 7.000000
2323 8.000000
2324 6.000000
2325 6.000000
2326 7.000000
2327 6.000000
2328 6.000000
2329 8.000000
2330 7.000000
2331 6.000000
2332 5.000000
2333 6.000000
2334 7.000000
2335 6.000000
2336 5.000000
2337 8.000000
2338 5.000000
2339 8.000000
2340 7.000000
2341 9.000000
2342 11.000000
2343 6.000000
2344 6.000000
2345 7.000000
2346 8.000000
2347 6.000000
2348 7.000000
2349 6.000000
2350 8.000000
2351 6.000000
2352 7.000000
2353 8.000000
2354 7.000000
2355 7.000000
2356 7.000000
2357 10.000000
2358 9.000000
2359 8.000000
2360 7.000000
2361 6.000000
2362 7.000000
2363 8.000000
2364 8.000000
2365 7.000000
2366 7.000000
2367 8.000000
2368 6.000000
2369 8.000000
2370 8.000000
2371 9.000000
2372 6.000000
2373 8.000000
2374 8.000000
2375 13.000000
2376 8.000000
2377 6.000000
2378 8.000000
2379 7.000000
2380 7.000000
2381 8.000000
2382 15.000000
2383 8.000000
2384 6.000000
2385 7.000000
2386 7.000000
2387 7.000000
2388 8.000000
2389 5.000000
2390 7.000000
2391 8.000000
2392 8.000000
2393 8.000000
2394 6.000000
2395 7.000000
2396 6.000000
2397 9.000000
2398 6.000000
2399 6.000000
2400 8.000000
2401 8.000000
2402 6.000000
2403 9.000000
2404 7.000000
2405 8.000000
2406 9.000000
2407 7.000000
2408 7.000000
2409 8.000000
2410 7.000000
2411 9.000000
2412 9.000000
2413 8.000000
2414 8.000000
2415 7.000000
2416 7.000000
2417 6.000000
2418 8.000000
2419 6.000000
2420 5.000000
2421 9.000000
2422 17.000000
2423 8.000000
2424 11.000000
2425 7.000000
2426 7.000000
2427 8.000000
2428 8.000000
2429 8.000000
2430 7.000000
2431 14.000000
2432 6.000000
2433 7.000000
2434 6.000000
2435 10.000000
2436 5.000000
2437 16.000000
2438 6.000000
2439 15.000000
2440 7.000000
2441 12.000000
2442 6.000000
2443 8.000000
2444 7.000000
2445 6.000000
2446 8.000000
2447 6.000000
2448 6.000000
2449 8.000000
2450 15.000000
2451 5.000000
2452 10.000000
2453 8.000000
2454 8.000000
2455 7.000000
2456 13.000000
2457 10.000000
2458 7.000000
2459 8.000000
2460 7.000000
2461 6.000000
2462 7.000000
2463 5.000000
2464 8.000000
2465 5.000000
2466 9.000000
2467 7.000000
2468 7.000000
2469 8.000000
2470 11.000000
2471 6.000000
2472 6.000000
2473 6.000000
2474 8.000000
2475 5.000000
2476 7.000000
2477 8.000000
2478 8.000000
2479 6.000000
2480 8.000000
2481 21.000000
2482 8.000000
2483 7.000000
2484 7.000000
2485 7.000000
2486 8.000000
2487 13.000000
2488 10.000000
2489 8.000000
2490 6.000000
2491 6.000000
2492 8.000000
2493 8.000000
2494 10.000000
2495 8.000000
2496 6.000000
2497 12.000000
2498 6.000000
2499 7.000000
2500 8.000000
2501 6.000000
2502 6.000000
2503 9.000000
2504 8.000000
2505 10.000000
2506 8.000000
2507 8.000000
2508 6.000000
2509 6.000000
2510 5.000000
2511 6.000000
2512 5.000000
2513 8.000000
2514 6.000000
2515 9.000000
2516 7.000000
2517 8.000000
2518 5.000000
2519 6.000000
2520 8.000000
2521 7.000000
2522 7.000000
2523 10.000000
2524 8.000000
2525 7.000000
2526 7.000000
2527 8.000000
2528 11.000000
2529 6.000000
2530 7.000000
2531 7.000000
2532 8.000000
2533 7.000000
2534 7.000000
2535 14.000000
2536 9.000000
2537 6.000000
2538 7.000000
2539 7.000000
2540 9.000000
2541 18.000000
2542 8.000000
2543 6.000000
2544 6.000000
2545 9.000000
2546 8.000000
2547 5.000000
2548 12.000000
2549 6.000000
2550 7.000000
2551 8.000000
2552 8.000000
2553 7.000000
2554 7.000000
2555 5.000000
2556 6.000000
2557 7.000000
2558 13.000000
2559 8.000000
2560 7.000000
2561 8.000000
2562 12.000000
2563 8.000000
2564 7.000000
2565 11.000000
2566 7.000000
2567 7.000000
2568 8.000000
2569 6.000000
2570 14.000000
2571 7.000000
2572 6.000000
2573 7.000000
2574 8.000000
2575 8.000000
2576 7.000000
2577 8.000000
2578 8.000000
2579 8.000000
2580 12.000000
2581 8.000000
2582 5.000000
2583 8.000000
2584 9.000000
2585 10.000000
2586 7.000000
2587 12.000000
2588 5.000000
2589 5.000000
2590 7.000000
2591 7.000000
2592 6.000000
2593 8.000000
2594 5.000000
2595 16.000000
2596 19.000000
2597 6.000000
2598 5.000000
2599 6.000000
2600 8.000000
2601 7.000000
2602 7.000000
2603 8.000000
2604 8.000000
2605 5.000000
2606 8.000000
2607 7.000000
2608 6.000000
2609 6.000000
2610 6.000000
2611 8.000000
2612 6.000000
2613 9.000000
2614 6.000000
2615 8.000000
2616 6.000000
2617 6.000000
2618 7.000000
2619 7.000000
2620 7.000000
2621 14.000000
2622 7.000000
2623 7.000000
2624 7.000000
2625 7.000000
2626 8.000000
2627 6.000000
2628 9.000000
2629 6.000000
2630 7.000000
2631 7.000000
2632 11.000000
2633 7.000000
2634 6.000000
2635 6.000000
2636 9.000000
2637 6.000000
2638 7.000000
2639 8.000000
2640 7.000000
2641 7.000000
2642 7.000000
2643 6.000000
2644 9.000000
2645 9.000000
2646 8.000000
2647 8.000000
2648 8.000000
2649 6.000000
2650 8.000000
2651 7.000000
2652 7.000000
2653 6.000000
2654 8.000000
2655 7.000000
2656 10.000000
2657 9.000000
2658 7.000000
2659 6.000000
2660 9.000000
2661 9.000000
2662 8.000000
2663 11.000000
2664 10.000000
2665 11.000000
2666 10.000000
2667 9.000000
2668 11.000000
2669 9.000000
2670 10.000000
2671 10.000000
2672 11.000000
2673 9.000000
2674 9.000000
2675 10.000000
2676 11.000000
2677 11.000000
2678 9.000000
2679 10.000000
2680 10.000000
2681 9.000000
2682 13.000000
2683 9.000000
2684 11.000000
2685 12.000000
2686 11.000000
2687 10.000000
2688 12.000000
2689 9.000000
2690 11.000000
2691 23.000000
2692 12.000000
2693 12.000000
2694 9.000000
2695 11.000000
2696 13.000000
2697 13.000000
2698 10.000000
2699 12.000000
2700 9.000000
2701 11.000000
2702 11.000000
2703 15.000000
2704 13.000000
2705 8.000000
2706 10.000000
2707 8.000000
2708 10.000000
2709 14.000000
2710 10.000000
2711 12.000000
2712 11.000000
2713 11.000000
2714 12.000000
2715 10.000000
2716 10.000000
2717 10.000000
2718 11.000000
2719 9.000000
2720 10.000000
2721 11.000000
2722 15.000000
2723 11.000000
2724 10.000000
2725 10.000000
2726 12.000000
2727 12.000000
2728 11.000000
2729 10.000000
2730 10.000000
2731 9.000000
2732 14.000000
2733 11.000000
2734 9.000000
2735 12.000000
2736 12.000000
2737 15.000000
2738 10.000000
2739 13.000000
2740 14.000000
2741 10.000000
2742 10.000000
2743 9.000000
2744 10.000000
2745 9.000000
2746 10.000000
2747 11.000000
2748 10.000000
2749 9.000000
2750 10.000000
2751 13.000000
2752 14.000000
2753 9.000000
2754 9.000000
2755 10.000000
2756 8.000000
2757 10.000000
2758 8.000000
2759 11.000000
2760 11.000000
2761 12.000000
2762 10.000000
2763 11.000000
2764 10.000000
2765 11.000000
2766 9.000000
2767 14.000000
2768 11.000000
2769 10.000000
2770 10.000000
2771 13.000000
2772 12.000000
2773 10.000000
2774 15.000000
2775 8.000000
2776 17.000000
2777 8.000000
2778 11.000000
2779 11.000000
2780 10.000000
2781 9.000000
2782 9.000000
2783 11.000000
2784 9.000000
2785 8.000000
2786 11.000000
2787 10.000000
2788 18.000000
2789 10.000000
2790 10.000000
2791 14.000000
2792 11.000000
2793 10.000000
2794 13.000000
2795 13.000000
2796 11.000000
2797 12.000000
2798 11.000000
2799 11.000000
2800 10.000000
2801 10.000000
2802 9.000000
2803 13.000000
2804 10.000000
2805 8.000000
2806 10.000000
2807 12.000000
2808 17.000000
2809 8.000000
2810 10.000000
2811 10.000000
2812 12.000000
2813 8.000000
2814 23.000000
2815 10.000000
2816 14.000000
2817 17.000000
2818 10.000000
2819 11.000000
2820 9.000000
2821 12.000000
2822 10.000000
2823 11.000000
2824 11.000000
2825 12.000000
2826 11.000000
2827 10.000000
2828 9.000000
2829 11.000000
2830 11.000000
2831 12.000000
2832 12.000000
2833 11.000000
2834 8.000000
2835 12.000000
2836 11.000000
2837 13.000000
2838 8.000000
2839 10.000000
2840 10.000000
2841 11.000000
2842 16.000000
2843 9.000000
2844 11.000000
2845 12.000000
2846 9.000000
2847 13.000000
2848 10.000000
2849 10.000000
2850 9.000000
2851 8.000000
2852 14.000000
2853 9.000000
2854 10.000000
2855 13.000000
2856 11.000000
2857 11.000000
2858 8.000000
2859 11.000000
2860 15.000000
2861 19.000000
2862 10.000000
2863 8.000000
2864 10.000000
2865 11.000000
2866 9.000000
2867 10.000000
2868 12.000000
2869 11.000000
2870 9.000000
2871 9.000000
2872 8.000000
2873 9.000000
2874 12.000000
2875 10.000000
2876 11.000000
2877 9.000000
2878 13.000000
2879 12.000000
2880 10.000000
2881 12.000000
2882 11.000000
2883 9.000000
2884 11.000000
2885 9.000000
2886 13.000000
2887 8.000000
2888 12.000000
2889 13.000000
2890 11.000000
2891 9.000000
2892 10.000000
2893 14.000000
2894 11.000000
2895 13.000000
2896 9.000000
2897 11.000000
2898 15.000000
2899 17.000000
2900 10.000000
2901 9.000000
2902 12.000000
2903 15.000000
2904 9.000000
2905 10.000000
2906 8.000000
2907 12.000000
2908 11.000000
2909 10.000000
2910 10.000000
2911 10.000000
2912 10.000000
2913 11.000000
2914 12.000000
2915 9.000000
2916 9.000000
2917 10.000000
2918 13.000000
2919 10.000000
2920 10.000000
2921 14.000000
2922 12.000000
2923 11.000000
2924 9.000000
2925 11.000000
2926 9.000000
2927 9.000000
2928 11.000000
2929 11.000000
2930 14.000000
2931 10.000000
2932 10.000000
2933 12.000000
2934 13.000000
2935 11.000000
2936 11.000000
2937 11.000000
2938 8.000000
2939 11.000000
2940 9.000000
2941 14.000000
2942 9.000000
2943 8.000000
2944 11.000000
2945 10.000000
2946 11.000000
2947 9.000000
2948 11.000000
2949 10.000000
2950 8.000000
2951 10.000000
2952 24.000000
2953 11.000000
2954 14.000000
2955 10.000000
2956 9.000000
2957 14.000000
2958 9.000000
2959 11.000000
2960 10.000000
2961 12.000000
2962 10.000000
2963 13.000000
2964 13.000000
2965 11.000000
2966 9.000000
2967 10.000000
2968 10.000000
2969 10.000000
2970 11.000000
2971 16.000000
2972 13.000000
2973 10.000000
2974 8.000000
2975 14.000000
2976 10.000000
2977 10.000000
2978 10.000000
2979 11.000000
2980 22.000000
2981 10.000000
2982 10.000000
2983 12.000000
2984 12.000000
2985 10.000000
2986 9.000000
2987 12.000000
2988 9.000000
2989 12.000000
2990 16.000000
2991 11.000000
2992 10.000000
2993 11.000000
2994 8.000000
2995 14.000000
2996 11.000000
2997 12.000000
2998 10.000000
2999 7.000000
3000 11.000000
3001 10.000000
3002 10.000000
3003 10.000000
3004 10.000000
3005 8.000000
3006 9.000000
3007 11.000000
3008 13.000000
3009 11.000000
3010 11.000000
3011 9.000000
3012 11.000000
3013 9.000000
3014 12.000000
3015 10.000000
3016 10.000000
3017 10.000000
3018 10.000000
3019 9.000000
3020 9.000000
3021 11.000000
3022 10.000000
3023 10.000000
3024 11.000000
3025 9.000000
3026 9.000000
3027 10.000000
3028 12.000000
3029 8.000000
3030 12.000000
3031 25.000000
3032 10.000000
3033 11.000000
3034 11.000000
3035 11.000000
3036 12.000000
3037 19.000000
3038 11.000000
3039 8.000000
3040 8.000000
3041 11.000000
3042 9.000000
3043 11.000000
3044 11.000000
3045 15.000000
3046 10.000000
3047 9.000000
3048 12.000000
3049 10.000000
3050 9.000000
3051 10.000000
3052 11.000000
3053 19.000000
3054 10.000000
3055 16.000000
3056 9.000000
3057 11.000000
3058 9.000000
3059 11.000000
3060 11.000000
3061 16.000000
3062 9.000000
3063 12.000000
3064 10.000000
3065 10.000000
3066 9.000000
3067 11.000000
3068 10.000000
3069 14.000000
3070 8.000000
3071 25.000000
3072 11.000000
3073 10.000000
3074 20.000000
3075 14.000000
3076 9.000000
3077 9.000000
3078 10.000000
3079 11.000000
3080 12.000000
3081 11.000000
3082 10.000000
3083 18.000000
3084 9.000000
3085 10.000000
3086 11.000000
3087 12.000000
3088 11.000000
3089 11.000000
3090 9.000000
3091 10.000000
3092 11.000000
3093 14.000000
3094 12.000000
3095 9.000000
3096 9.000000
3097 10.000000
3098 9.000000
3099 14.000000
3100 8.000000
3101 10.000000
3102 9.000000
3103 12.000000
3104 11.000000
3105 16.000000
3106 11.000000
3107 9.000000
3108 11.000000
3109 10.000000
3110 10.000000
3111 11.000000
3112 14.000000
3113 9.000000
3114 9.000000
3115 11.000000
3116 9.000000
3117 11.000000
3118 9.000000
3119 10.000000
3120 10.000000
3121 14.000000
3122 16.000000
3123 10.000000
3124 12.000000
3125 16.000000
3126 11.000000
3127 12.000000
3128 12.000000
3129 8.000000
3130 12.000000
3131 12.000000
3132 10.000000
3133 9.000000
3134 18.000000
3135 9.000000
3136 10.000000
3137 11.000000
3138 10.000000
3139 11.000000
3140 11.000000
3141 18.000000
3142 10.000000
3143 9.000000
3144 12.000000
3145 11.000000
3146 11.000000
3147 14.000000
3148 12.000000
3149 10.000000
3150 9.000000
3151 13.000000
3152 10.000000
3153 12.000000
3154 9.000000
3155 12.000000
3156 11.000000
3157 9.000000
3158 8.000000
3159 12.000000
3160 10.000000
3161 13.000000
3162 10.000000
3163 12.000000
3164 10.000000
3165 13.000000
3166 8.000000
3167 8.000000
3168 9.000000
3169 11.000000
3170 9.000000
3171 11.000000
3172 11.000000
3173 10.000000
3174 10.000000
3175 10.000000
3176 9.000000
3177 8.000000
3178 9.000000
3179 10.000000
3180 9.000000
3181 14.000000
3182 9.000000
3183 17.000000
3184 10.000000
3185 10.000000
3186 11.000000
3187 15.000000
3188 10.000000
3189 12.000000
3190 12.000000
3191 9.000000
3192 14.000000
3193 10.000000
3194 11.000000
3195 9.000000
3196 12.000000
3197 15.000000
3198 11.000000
3199 12.000000
3200 12.000000
3201 10.000000
3202 12.000000
3203 9.000000
3204 10.000000
3205 8.000000
3206 10.000000
3207 11.000000
3208 16.000000
3209 11.000000
3210 13.000000
3211 13.000000
3212 8.000000
3213 10.000000
3214 11.000000
3215 11.000000
3216 16.000000
3217 9.000000
3218 10.000000
3219 10.000000
3220 12.000000
3221 12.000000
3222 8.000000
3223 10.000000
3224 10.000000
3225 10.000000
3226 9.000000
3227 23.000000
3228 10.000000
3229 12.000000
3230 20.000000
3231 9.000000
3232 9.000000
3233 9.000000
3234 10.000000
3235 20.000000
3236 12.000000
3237 10.000000
3238 10.000000
3239 11.000000
3240 10.000000
3241 13.000000
3242 12.000000
3243 10.000000
3244 9.000000
3245 10.000000
3246 14.000000
3247 9.000000
3248 11.000000
3249 10.000000
3250 11.000000
3251 10.000000
3252 9.000000
3253 11.000000
3254 9.000000
3255 9.000000
3256 10.000000
3257 11.000000
3258 11.000000
3259 11.000000
3260 11.000000
3261 9.000000
3262 10.000000
3263 9.000000
3264 10.000000
3265 8.000000
3266 12.000000
3267 10.000000
3268 25.000000
3269 15.000000
3270 19.000000
3271 24.000000
3272 11.000000
3273 11.000000
3274 12.000000
3275 12.000000
3276 11.000000
3277 11.000000
3278 12.000000
3279 11.000000
3280 8.000000
3281 8.000000
3282 20.000000
3283 9.000000
3284 9.000000
3285 11.000000
3286 9.000000
3287 10.000000
3288 10.000000
3289 9.000000
3290 3.000000
3291 10.000000
3292 13.000000
3293 10.000000
3294 11.000000
3295 9.000000
3296 10.000000
3297 11.000000
3298 8.000000
3299 10.000000
3300 10.000000
3301 9.000000
3302 9.000000
3303 9.000000
3304 10.000000
3305 12.000000
3306 8.000000
3307 9.000000
3308 12.000000
3309 11.000000
3310 8.000000
3311 17.000000
3312 12.000000
3313 12.000000
3314 15.000000
3315 9.000000
3316 11.000000
3317 12.000000
3318 15.000000
3319 11.000000
3320 11.000000
3321 10.000000
3322 13.000000
3323 10.000000
3324 11.000000
3325 13.000000
3326 12.000000
3327 11.000000
3328 8.000000
3329 13.000000
3330 10.000000
3331 10.000000
3332 10.000000
3333 11.000000
3334 13.000000
3335 11.000000
3336 12.000000
3337 10.000000
3338 13.000000
3339 10.000000
3340 14.000000
3341 10.000000
3342 10.000000
3343 8.000000
3344 10.000000
3345 11.000000
3346 13.000000
3347 9.000000
3348 10.000000
3349 13.000000
3350 10.000000
3351 9.000000
3352 12.000000
3353 12.000000
3354 16.000000
3355 11.000000
3356 12.000000
3357 13.000000
3358 11.000000
3359 11.000000
3360 11.000000
3361 10.000000
3362 10.000000
3363 9.000000
3364 10.000000
3365 10.000000
3366 10.000000
3367 14.000000
3368 14.000000
3369 9.000000
3370 9.000000
3371 13.000000
3372 16.000000
3373 11.000000
3374 17.000000
3375 14.000000
3376 19.000000
3377 11.000000
3378 10.000000
3379 10.000000
3380 10.000000
3381 12.000000
3382 13.000000
3383 10.000000
3384 9.000000
3385 11.000000
3386 13.000000
3387 10.000000
3388 13.000000
3389 13.000000
3390 11.000000
3391 9.000000
3392 12.000000
3393 10.000000
3394 10.000000
3395 10.000000
3396 11.000000
3397 10.000000
3398 12.000000
3399 10.000000
3400 10.000000
3401 19.000000
3402 13.000000
3403 9.000000
3404 6.000000
3405 11.000000
3406 10.000000
3407 21.000000
3408 22.000000
3409 11.000000
3410 14.000000
3411 10.000000
3412 9.000000
3413 21.000000
3414 11.000000
3415 10.000000
3416 10.000000
3417 11.000000
3418 11.000000
3419 10.000000
3420 9.000000
3421 12.000000
3422 11.000000
3423 10.000000
3424 16.000000
3425 14.000000
3426 9.000000
3427 11.000000
3428 19.000000
3429 8.000000
3430 10.000000
3431 11.000000
3432 18.000000
3433 10.000000
3434 9.000000
3435 11.000000
3436 10.000000
3437 10.000000
3438 12.000000
3439 13.000000
3440 12.000000
3441 13.000000
3442 15.000000
3443 14.000000
3444 19.000000
3445 14.000000
3446 12.000000
3447 16.000000
3448 12.000000
3449 14.000000
3450 14.000000
3451 17.000000
3452 13.000000
3453 23.000000
3454 12.000000
3455 15.000000
3456 9.000000
3457 18.000000
3458 15.000000
3459 15.000000
3460 14.000000
3461 12.000000
3462 13.000000
3463 13.000000
3464 12.000000
3465 16.000000
3466 15.000000
3467 20.000000
3468 16.000000
3469 13.000000
3470 15.000000
3471 14.000000
3472 16.000000
3473 16.000000
3474 12.000000
3475 12.000000
3476 14.000000
3477 11.000000
3478 14.000000
3479 14.000000
3480 12.000000
3481 16.000000
3482 14.000000
3483 14.000000
3484 11.000000
3485 13.000000
3486 13.000000
3487 17.000000
3488 13.000000
3489 17.000000
3490 15.000000
3491 14.000000
3492 19.000000
3493 14.000000
3494 17.000000
3495 7.000000
3496 15.000000
3497 12.000000
3498 14.000000
3499 13.000000
3500 15.000000
3501 11.000000
3502 14.000000
3503 16.000000
3504 14.000000
3505 15.000000
3506 15.000000
3507 12.000000
3508 12.000000
3509 14.000000
3510 12.000000
3511 13.000000
3512 15.000000
3513 17.000000
3514 12.000000
3515 12.000000
3516 14.000000
3517 14.000000
3518 11.000000
3519 15.000000
3520 17.000000
3521 13.000000
3522 14.000000
3523 15.000000
3524 13.000000
3525 11.000000
3526 13.000000
3527 11.000000
3528 11.000000
3529 13.000000
3530 16.000000
3531 14.000000
3532 15.000000
3533 11.000000
3534 12.000000
3535 11.000000
3536 18.000000
3537 15.000000
3538 12.000000
3539 15.000000
3540 11.000000
3541 14.000000
3542 11.000000
3543 15.000000
3544 16.000000
3545 11.000000
3546 15.000000
3547 11.000000
3548 14.000000
3549 15.000000
3550 10.000000
3551 13.000000
3552 13.000000
3553 12.000000
3554 14.000000
3555 12.000000
3556 15.000000
3557 14.000000
3558 12.000000
3559 13.000000
3560 16.000000
3561 9.000000
3562 16.000000
3563 14.000000
3564 11.000000
3565 14.000000
3566 16.000000
3567 13.000000
3568 12.000000
3569 15.000000
3570 25.000000
3571 14.000000
3572 15.000000
3573 12.000000
3574 16.000000
3575 16.000000
3576 14.000000
3577 10.000000
3578 13.000000
3579 16.000000
3580 18.000000
3581 17.000000
3582 20.000000
3583 13.000000
3584 13.000000
3585 12.000000
3586 10.000000
3587 11.000000
3588 12.000000
3589 16.000000
3590 17.000000
3591 14.000000
3592 10.000000
3593 14.000000
3594 16.000000
3595 13.000000
3596 12.000000
3597 15.000000
3598 13.000000
3599 19.000000
3600 14.000000
3601 12.000000
3602 14.000000
3603 13.000000
3604 10.000000
3605 11.000000
3606 15.000000
3607 11.000000
3608 16.000000
3609 13.000000
3610 15.000000
3611 12.000000
3612 13.000000
3613 21.000000
3614 17.000000
3615 18.000000
3616 16.000000
3617 11.000000
3618 11.000000
3619 14.000000
3620 13.000000
3621 10.000000
3622 11.000000
3623 14.000000
3624 17.000000
3625 11.000000
3626 19.000000
3627 12.000000
3628 16.000000
3629 15.000000
3630 12.000000
3631 16.000000
3632 17.000000
3633 10.000000
3634 14.000000
3635 12.000000
3636 16.000000
3637 12.000000
3638 15.000000
3639 13.000000
3640 12.000000
3641 21.000000
3642 14.000000
3643 13.000000
3644 13.000000
3645 12.000000
3646 14.000000
3647 12.000000
3648 17.000000
3649 16.000000
3650 24.000000
3651 13.000000
3652 15.000000
3653 18.000000
3654 13.000000
3655 16.000000
3656 11.000000
3657 17.000000
3658 13.000000
3659 15.000000
3660 18.000000
3661 13.000000
3662 13.000000
3663 17.000000
3664 16.000000
3665 12.000000
3666 13.000000
3667 15.000000
3668 12.000000
3669 20.000000
3670 9.000000
3671 15.000000
3672 12.000000
3673 23.000000
3674 13.000000
3675 12.000000
3676 22.000000
3677 11.000000
3678 21.000000
3679 13.000000
3680 13.000000
3681 15.000000
3682 14.000000
3683 14.000000
3684 10.000000
3685 14.000000
3686 14.000000
3687 10.000000
3688 20.000000
3689 15.000000
3690 12.000000
3691 25.000000
3692 11.000000
3693 11.000000
3694 18.000000
3695 18.000000
3696 13.000000
3697 13.000000
3698 11.000000
3699 19.000000
3700 21.000000
3701 12.000000
3702 13.000000
3703 14.000000
3704 12.000000
3705 13.000000
3706 14.000000
3707 13.000000
3708 12.000000
3709 25.000000
3710 16.000000
3711 11.000000
3712 17.000000
3713 15.000000
3714 14.000000
3715 17.000000
3716 14.000000
3717 15.000000
3718 15.000000
3719 11.000000
3720 18.000000
3721 12.000000
3722 16.000000
3723 12.000000
3724 22.000000
3725 13.000000
3726 13.000000
3727 17.000000
3728 18.000000
3729 28.000000
3730 14.000000
3731 14.000000
3732 17.000000
3733 20.000000
3734 11.000000
3735 18.000000
3736 11.000000
3737 13.000000
3738 11.000000
3739 12.000000
3740 17.000000
3741 10.000000
3742 21.000000
3743 13.000000
3744 22.000000
3745 24.000000
3746 20.000000
3747 14.000000
3748 20.000000
3749 11.000000
3750 11.000000
3751 21.000000
3752 14.000000
3753 16.000000
3754 15.000000
3755 15.000000
3756 11.000000
3757 13.000000
3758 13.000000
3759 13.000000
3760 13.000000
3761 13.000000
3762 13.000000
3763 19.000000
3764 12.000000
3765 12.000000
3766 16.000000
3767 13.000000
3768 14.000000
3769 12.000000
3770 12.000000
3771 13.000000
3772 13.000000
3773 12.000000
3774 15.000000
3775 15.000000
3776 19.000000
3777 13.000000
3778 11.000000
3779 14.000000
3780 11.000000
3781 15.000000
3782 14.000000
3783 17.000000
3784 15.000000
3785 12.000000
3786 13.000000
3787 19.000000
3788 13.000000
3789 14.000000
3790 13.000000
3791 14.000000
3792 16.000000
3793 13.000000
3794 13.000000
3795 11.000000
3796 11.000000
3797 9.000000
3798 25.000000
3799 19.000000
3800 12.000000
3801 13.000000
3802 13.000000
3803 10.000000
3804 10.000000
3805 24.000000
3806 18.000000
3807 20.000000
3808 20.000000
3809 15.000000
3810 14.000000
3811 14.000000
3812 22.000000
3813 18.000000
3814 11.000000
3815 16.000000
3816 26.000000
3817 14.000000
3818 17.000000
3819 15.000000
3820 14.000000
3821 15.000000
3822 14.000000
3823 14.000000
3824 13.000000
3825 11.000000
3826 17.000000
3827 14.000000
3828 13.000000
3829 15.000000
3830 12.000000
3831 12.000000
3832 12.000000
3833 15.000000
3834 15.000000
3835 16.000000
3836 11.000000
3837 15.000000
3838 13.000000
3839 16.000000
3840 13.000000
3841 13.000000
3842 11.000000
3843 12.000000
3844 19.000000
3845 12.000000
3846 17.000000
3847 15.000000
3848 17.000000
3849 19.000000
3850 15.000000
3851 11.000000
3852 11.000000
3853 15.000000
3854 11.000000
3855 16.000000
3856 27.000000
3857 14.000000
3858 12.000000
3859 15.000000
3860 13.000000
3861 11.000000
3862 18.000000
3863 11.000000
3864 14.000000
3865 26.000000
3866 17.000000
3867 16.000000
3868 14.000000
3869 12.000000
3870 14.000000
3871 14.000000
3872 10.000000
3873 10.000000
3874 16.000000
3875 13.000000
3876 16.000000
3877 10.000000
3878 13.000000
3879 18.000000
3880 8.000000
3881 15.000000
3882 14.000000
3883 16.000000
3884 14.000000
3885 14.000000
3886 12.000000
3887 11.000000
3888 19.000000
3889 14.000000
3890 11.000000
3891 12.000000
3892 13.000000
3893 16.000000
3894 16.000000
3895 15.000000
3896 14.000000
3897 16.000000
3898 18.000000
3899 22.000000
3900 15.000000
3901 18.000000
3902 11.000000
3903 15.000000
3904 12.000000
3905 18.000000
3906 13.000000
3907 15.000000
3908 14.000000
3909 14.000000
3910 14.000000
3911 16.000000
3912 14.000000
3913 13.000000
3914 17.000000
3915 14.000000
3916 13.000000
3917 15.000000
3918 14.000000
3919 14.000000
3920 15.000000
3921 15.000000
3922 22.000000
3923 13.000000
3924 14.000000
3925 12.000000
3926 11.000000
3927 12.000000
3928 19.000000
3929 12.000000
3930 11.000000
3931 11.000000
3932 19.000000
3933 16.000000
3934 10.000000
3935 21.000000
3936 14.000000
3937 16.000000
3938 11.000000
3939 23.000000
3940 15.000000
3941 18.000000
3942 18.000000
3943 9.000000
3944 14.000000
3945 16.000000
3946 13.000000
3947 17.000000
3948 11.000000
3949 13.000000
3950 12.000000
3951 13.000000
3952 14.000000
3953 17.000000
3954 14.000000
3955 13.000000
3956 14.000000
3957 15.000000
3958 18.000000
3959 26.000000
3960 17.000000
3961 9.000000
3962 12.000000
3963 17.000000
3964 14.000000
3965 21.000000
3966 12.000000
3967 13.000000
3968 11.000000
3969 12.000000
3970 11.000000
3971 11.000000
3972 14.000000
3973 14.000000
3974 29.000000
3975 16.000000
3976 14.000000
3977 20.000000
3978 22.000000
3979 23.000000
3980 8.000000
3981 17.000000
3982 9.000000
3983 22.000000
3984 23.000000
3985 16.000000
3986 9.000000
3987 12.000000
3988 13.000000
3989 9.000000
3990 12.000000
3991 20.000000
3992 15.000000
3993 16.000000
3994 14.000000
3995 13.000000
3996 17.000000
3997 10.000000
3998 10.000000
3999 17.000000
4000 11.000000
4001 18.000000
4002 9.000000
4003 15.000000
4004 15.000000
4005 13.000000
4006 14.000000
4007 9.000000
4008 23.000000
4009 14.000000
4010 23.000000
4011 7.000000
4012 19.000000
4013 15.000000
4014 12.000000
4015 25.000000
4016 11.000000
4017 13.000000
4018 17.000000
4019 16.000000
4020 10.000000
4021 11.000000
4022 27.000000
4023 12.000000
4024 11.000000
4025 23.000000
4026 14.000000
4027 13.000000
4028 20.000000
4029 24.000000
4030 14.000000
4031 7.000000
4032 26.000000
4033 14.000000
4034 13.000000
4035 15.000000
4036 18.000000
4037 10.000000
4038 14.000000
